00000000010000000001000000000003000010000000000                                                  00
00000000010000000017000000000000255010000000000                                                  00
00000000010000000038000000000000048010000000000                                                  00
00000000030000000001000000000003000010000000000                                                  00
00000000030000000017000000000000255010000000000                                                  00
00000000030000000038000000000000032010000000000                                                  00
00000000060000000001000000000003000010000000000                                                  00
00000000060000000017000000000000255010000000000                                                  00
00000000060000000038000000000000020010000000000                                                  00
00000000060000000103000000000000100010000000000                                                  00
00000000060000000039000000000000100010000000000                                                  00
00000000090000000001000000000003000010000000000                                                  00
00000000090000000017000000000000255010000000000                                                  00
00000000090000000038000000000000085010000000000                                                  00
00000000130000000001000000000003000010000000000                                                  00
00000000130000000017000000000000255010000000000                                                  00
00000000130000000038000000000000060010000000000                                                  00
00000000150000000001000000000003000010000000000                                                  00
00000000150000000017000000000000255010000000000                                                  00
00000000150000000038000000000000033010000000000                                                  00
00000000160000000001000000000003000010000000000                                                  00
00000000160000000017000000000000255010000000000                                                  00
00000000160000000038000000000000060010000000000                                                  00
00000000160000000103000000000000100010000000000                                                  00
00000000160000000039000000000000100010000000000                                                  00
00000000170000000001000000000003000010000000000                                                  00
00000000170000000017000000000000255010000000000                                                  00
00000000170000000038000000000000067010000000000                                                  00
00000000180000000001000000000003000010000000000                                                  00
00000000180000000017000000000000255010000000000                                                  00
00000000180000000038000000000000030010000000000                                                  00
00000000180000000103000000000000100010000000000                                                  00
00000000180000000039000000000000100010000000000                                                  00
00000000240000000001000000000003000010000000000                                                  00
00000000240000000017000000000000255010000000000                                                  00
00000000240000000038000000000000087010000000000                                                  00
00000000240000000103000000000000100010000000000                                                  00
00000000240000000039000000000000100010000000000                                                  00
00000000310000000001000000000003000010000000000                                                  00
00000000310000000017000000000000255010000000000                                                  00
00000000310000000038000000000000082010000000000                                                  00
00000000350000000001000000000003000010000000000                                                  00
00000000350000000017000000000000255010000000000                                                  00
00000000350000000038000000000000088010000000000                                                  00
00000000380000000001000000000003000010000000000                                                  00
00000000380000000017000000000000255010000000000                                                  00
00000000380000000038000000000000042010000000000                                                  00
00000000380000000103000000000000100010000000000                                                  00
00000000380000000039000000000000100010000000000                                                  00
00000000400000000001000000000003000010000000000                                                  00
00000000400000000017000000000000255010000000000                                                  00
00000000400000000038000000000000027010000000000                                                  00
00000000400000000103000000000000100010000000000                                                  00
00000000400000000039000000000000100010000000000                                                  00
00000000430000000001000000000003000010000000000                                                  00
00000000430000000017000000000000255010000000000                                                  00
00000000430000000038000000000000068010000000000                                                  00
00000000440000000001000000000003000010000000000                                                  00
00000000440000000017000000000000255010000000000                                                  00
00000000440000000038000000000000033010000000000                                                  00
00000000440000000103000000000000100010000000000                                                  00
00000000440000000039000000000000100010000000000                                                  00
00000000450000000001000000000003000010000000000                                                  00
00000000450000000017000000000000255010000000000                                                  00
00000000450000000038000000000000035010000000000                                                  00
00000000540000000001000000000003000010000000000                                                  00
00000000540000000017000000000000255010000000000                                                  00
00000000540000000038000000000000083010000000000                                                  00
00000000540000000103000000000000100010000000000                                                  00
00000000540000000039000000000000100010000000000                                                  00
00000003590000000001000000000003000010000000000                                                  00
00000003590000000017000000000000255010000000000                                                  00
00000003590000000038000000000000080010000000000                                                  00
00000010040000000001000000000003000010000000000                                                  00
00000010040000000017000000000000255010000000000                                                  00
00000010040000000038000000000000058010000000000                                                  00
00000010040000000103000000000000100010000000000                                                  00
00000010040000000039000000000000100010000000000                                                  00
00000010100000000001000000000003000010000000000                                                  00
00000010100000000017000000000000255010000000000                                                  00
0000001010000000003800000000000002010000000000                                                  00
00000010100000000103000000000000100010000000000                                                  00
00000010100000000039000000000000100010000000000                                                  00
00000010130000000001000000000003000010000000000                                                  00
00000010130000000017000000000000255010000000000                                                  00
00000010130000000038000000000000028010000000000                                                  00
00000010170000000001000000000003000010000000000                                                  00
00000010170000000017000000000000255010000000000                                                  00
0000001017000000003800000000000003010000000000                                                  00
00000010190000000001000000000003000010000000000                                                  00
00000010190000000017000000000000255010000000000                                                  00
00000010190000000038000000000000068010000000000                                                  00
00000010250000000001000000000003000010000000000                                                  00
00000010250000000017000000000000255010000000000                                                  00
00000010250000000038000000000000012010000000000                                                  00
00000010270000000001000000000003000010000000000                                                  00
00000010270000000017000000000000255010000000000                                                  00
00000010270000000038000000000000015010000000000                                                  00
00000010300000000001000000000003000010000000000                                                  00
00000010300000000017000000000000255010000000000                                                  00
00000010300000000038000000000000073010000000000                                                  00
00000010300000000103000000000000100010000000000                                                  00
00000010300000000039000000000000100010000000000                                                  00
00000010310000000001000000000003000010000000000                                                  00
00000010310000000017000000000000255010000000000                                                  00
00000010310000000038000000000000010010000000000                                                  00
00000010420000000001000000000003000010000000000                                                  00
00000010420000000017000000000000255010000000000                                                  00
00000010420000000038000000000000057010000000000                                                  00
00000010420000000103000000000000100010000000000                                                  00
00000010420000000039000000000000100010000000000                                                  00
00000010450000000001000000000003000010000000000                                                  00
00000010450000000017000000000000255010000000000                                                  00
00000010450000000038000000000000058010000000000                                                  00
00000010520000000001000000000003000010000000000                                                  00
00000010520000000017000000000000255010000000000                                                  00
00000010520000000038000000000000070010000000000                                                  00
00000010520000000103000000000000100010000000000                                                  00
00000010520000000039000000000000100010000000000                                                  00
00000010530000000001000000000003000010000000000                                                  00
00000010530000000017000000000000255010000000000                                                  00
00000010530000000038000000000000032010000000000                                                  00
00000010550000000001000000000003000010000000000                                                  00
00000010550000000017000000000000255010000000000                                                  00
00000010550000000038000000000000045010000000000                                                  00
00000010570000000001000000000003000010000000000                                                  00
00000010570000000017000000000000255010000000000                                                  00
00000010570000000038000000000000087010000000000                                                  00
00000010590000000001000000000003000010000000000                                                  00
00000010590000000017000000000000255010000000000                                                  00
00000010590000000038000000000000060010000000000                                                  00
00000010610000000001000000000003000010000000000                                                  00
00000010610000000017000000000000255010000000000                                                  00
00000010610000000038000000000000040010000000000                                                  00
00000010620000000001000000000003000010000000000                                                  00
00000010620000000017000000000000255010000000000                                                  00
00000010620000000038000000000000017010000000000                                                  00
00000010620000000103000000000000100010000000000                                                  00
00000010620000000039000000000000100010000000000                                                  00
00000010630000000001000000000003000010000000000                                                  00
00000010630000000017000000000000255010000000000                                                  00
00000010630000000038000000000000077010000000000                                                  00
00000010660000000001000000000003000010000000000                                                  00
00000010660000000017000000000000255010000000000                                                  00
00000010660000000038000000000000063010000000000                                                  00
00000010660000000103000000000000100010000000000                                                  00
00000010660000000039000000000000100010000000000                                                  00
00000010670000000001000000000003000010000000000                                                  00
00000010670000000017000000000000255010000000000                                                  00
00000010670000000038000000000000042010000000000                                                  00
00000010730000000001000000000003000010000000000                                                  00
00000010730000000017000000000000255010000000000                                                  00
00000010730000000038000000000000027010000000000                                                  00
00000010750000000001000000000003000010000000000                                                  00
00000010750000000017000000000000255010000000000                                                  00
0000001075000000003800000000000007010000000000                                                  00
00000010770000000001000000000003000010000000000                                                  00
00000010770000000017000000000000255010000000000                                                  00
00000010770000000038000000000000040010000000000                                                  00
00000010780000000001000000000003000010000000000                                                  00
00000010780000000017000000000000255010000000000                                                  00
00000010780000000038000000000000010010000000000                                                  00
00000010780000000103000000000000100010000000000                                                  00
00000010780000000039000000000000100010000000000                                                  00
00000010790000000001000000000003000010000000000                                                  00
00000010790000000017000000000000255010000000000                                                  00
00000010790000000038000000000000027010000000000                                                  00
00000010820000000001000000000003000010000000000                                                  00
00000010820000000017000000000000255010000000000                                                  00
00000010820000000038000000000000063010000000000                                                  00
00000010820000000103000000000000100010000000000                                                  00
00000010820000000039000000000000100010000000000                                                  00
00000010840000000001000000000003000010000000000                                                  00
00000010840000000017000000000000255010000000000                                                  00
00000010840000000038000000000000030010000000000                                                  00
00000010840000000103000000000000100010000000000                                                  00
00000010840000000039000000000000100010000000000                                                  00
00000010850000000001000000000003000010000000000                                                  00
00000010850000000017000000000000255010000000000                                                  00
00000010850000000038000000000000073010000000000                                                  00
00000010900000000001000000000003000010000000000                                                  00
00000010900000000017000000000000255010000000000                                                  00
00000010900000000038000000000000082010000000000                                                  00
00000010900000000103000000000000100010000000000                                                  00
00000010900000000039000000000000100010000000000                                                  00
00000010940000000001000000000003000010000000000                                                  00
00000010940000000017000000000000255010000000000                                                  00
00000010940000000038000000000000010010000000000                                                  00
00000010940000000103000000000000100010000000000                                                  00
00000010940000000039000000000000100010000000000                                                  00
00000011010000000001000000000003000010000000000                                                  00
00000011010000000017000000000000255010000000000                                                  00
00000011010000000038000000000000073010000000000                                                  00
00000011050000000001000000000003000010000000000                                                  00
00000011050000000017000000000000255010000000000                                                  00
00000011050000000038000000000000088010000000000                                                  00
00000011110000000001000000000003000010000000000                                                  00
00000011110000000017000000000000255010000000000                                                  00
00000011110000000038000000000000030010000000000                                                  00
00000011170000000001000000000003000010000000000                                                  00
00000011170000000017000000000000255010000000000                                                  00
00000011170000000038000000000000077010000000000                                                  00
00000011240000000001000000000003000010000000000                                                  00
00000011240000000017000000000000255010000000000                                                  00
00000011240000000038000000000000080010000000000                                                  00
00000011240000000103000000000000100010000000000                                                  00
00000011240000000039000000000000100010000000000                                                  00
00000011250000000001000000000003000010000000000                                                  00
00000011250000000017000000000000255010000000000                                                  00
00000011250000000038000000000000012010000000000                                                  00
00000011270000000001000000000003000010000000000                                                  00
00000011270000000017000000000000255010000000000                                                  00
00000011270000000038000000000000037010000000000                                                  00
00000011300000000001000000000003000010000000000                                                  00
00000011300000000017000000000000255010000000000                                                  00
00000011300000000038000000000000068010000000000                                                  00
00000011300000000103000000000000100010000000000                                                  00
00000011300000000039000000000000100010000000000                                                  00
00000011310000000001000000000003000010000000000                                                  00
00000011310000000017000000000000255010000000000                                                  00
00000011310000000038000000000000040010000000000                                                  00
00000011340000000001000000000003000010000000000                                                  00
00000011340000000017000000000000255010000000000                                                  00
00000011340000000038000000000000062010000000000                                                  00
00000011340000000103000000000000100010000000000                                                  00
00000011340000000039000000000000100010000000000                                                  00
00000011370000000001000000000003000010000000000                                                  00
00000011370000000017000000000000255010000000000                                                  00
00000011370000000038000000000000077010000000000                                                  00
00000011390000000001000000000003000010000000000                                                  00
00000011390000000017000000000000255010000000000                                                  00
00000011390000000038000000000000033010000000000                                                  00
00000011400000000001000000000003000010000000000                                                  00
00000011400000000017000000000000255010000000000                                                  00
00000011400000000038000000000000057010000000000                                                  00
00000011400000000103000000000000100010000000000                                                  00
00000011400000000039000000000000100010000000000                                                  00
00000011410000000001000000000003000010000000000                                                  00
00000011410000000017000000000000255010000000000                                                  00
00000011410000000038000000000000053010000000000                                                  00
00000011430000000001000000000003000010000000000                                                  00
00000011430000000017000000000000255010000000000                                                  00
00000011430000000038000000000000043010000000000                                                  00
00000011490000000001000000000003000010000000000                                                  00
00000011490000000017000000000000255010000000000                                                  00
00000011490000000038000000000000038010000000000                                                  00
00000011500000000001000000000003000010000000000                                                  00
00000011500000000017000000000000255010000000000                                                  00
0000001150000000003800000000000003010000000000                                                  00
00000011500000000103000000000000100010000000000                                                  00
00000011500000000039000000000000100010000000000                                                  00
00000011510000000001000000000003000010000000000                                                  00
00000011510000000017000000000000255010000000000                                                  00
00000011510000000038000000000000060010000000000                                                  00
00000011570000000001000000000003000010000000000                                                  00
00000011570000000017000000000000255010000000000                                                  00
00000011570000000038000000000000092010000000000                                                  00
00000011600000000001000000000003000010000000000                                                  00
00000011600000000017000000000000255010000000000                                                  00
00000011600000000038000000000000058010000000000                                                  00
00000011600000000103000000000000100010000000000                                                  00
00000011600000000039000000000000100010000000000                                                  00
00000011610000000001000000000003000010000000000                                                  00
00000011610000000017000000000000255010000000000                                                  00
00000011610000000038000000000000030010000000000                                                  00
00000011620000000001000000000003000010000000000                                                  00
00000011620000000017000000000000255010000000000                                                  00
0000001162000000003800000000000005010000000000                                                  00
00000011620000000103000000000000100010000000000                                                  00
00000011620000000039000000000000100010000000000                                                  00
00000011650000000001000000000003000010000000000                                                  00
00000011650000000017000000000000255010000000000                                                  00
00000011650000000038000000000000037010000000000                                                  00
00000011660000000001000000000003000010000000000                                                  00
00000011660000000017000000000000255010000000000                                                  00
00000011660000000038000000000000035010000000000                                                  00
00000011660000000103000000000000100010000000000                                                  00
00000011660000000039000000000000100010000000000                                                  00
00000011670000000001000000000003000010000000000                                                  00
00000011670000000017000000000000255010000000000                                                  00
00000011670000000038000000000000087010000000000                                                  00
00000011680000000001000000000003000010000000000                                                  00
00000011680000000017000000000000255010000000000                                                  00
00000011680000000038000000000000087010000000000                                                  00
00000011680000000103000000000000100010000000000                                                  00
00000011680000000039000000000000100010000000000                                                  00
00000011700000000001000000000003000010000000000                                                  00
00000011700000000017000000000000255010000000000                                                  00
00000011700000000038000000000000093010000000000                                                  00
00000011700000000103000000000000100010000000000                                                  00
00000011700000000039000000000000100010000000000                                                  00
00000011730000000001000000000003000010000000000                                                  00
00000011730000000017000000000000255010000000000                                                  00
00000011730000000038000000000000025010000000000                                                  00
00000011740000000001000000000003000010000000000                                                  00
00000011740000000017000000000000255010000000000                                                  00
00000011740000000038000000000000025010000000000                                                  00
00000011740000000103000000000000100010000000000                                                  00
00000011740000000039000000000000100010000000000                                                  00
00000011750000000001000000000003000010000000000                                                  00
00000011750000000017000000000000255010000000000                                                  00
00000011750000000038000000000000032010000000000                                                  00
00000011770000000001000000000003000010000000000                                                  00
00000011770000000017000000000000255010000000000                                                  00
00000011770000000038000000000000037010000000000                                                  00
00000011780000000001000000000003000010000000000                                                  00
00000011780000000017000000000000255010000000000                                                  00
00000011780000000038000000000000010010000000000                                                  00
00000011780000000103000000000000100010000000000                                                  00
00000011780000000039000000000000100010000000000                                                  00
00000011790000000001000000000003000010000000000                                                  00
00000011790000000017000000000000255010000000000                                                  00
00000011790000000038000000000000067010000000000                                                  00
00000011810000000001000000000003000010000000000                                                  00
00000011810000000017000000000000255010000000000                                                  00
00000011810000000038000000000000022010000000000                                                  00
00000011920000000001000000000003000010000000000                                                  00
00000011920000000017000000000000255010000000000                                                  00
00000011920000000038000000000000090010000000000                                                  00
00000011920000000103000000000000100010000000000                                                  00
00000011920000000039000000000000100010000000000                                                  00
00000011950000000001000000000003000010000000000                                                  00
00000011950000000017000000000000255010000000000                                                  00
00000011950000000038000000000000012010000000000                                                  00
00000011960000000001000000000003000010000000000                                                  00
00000011960000000017000000000000255010000000000                                                  00
00000011960000000038000000000000063010000000000                                                  00
00000011960000000103000000000000100010000000000                                                  00
00000011960000000039000000000000100010000000000                                                  00
00000011990000000001000000000003000010000000000                                                  00
00000011990000000017000000000000255010000000000                                                  00
00000011990000000038000000000000028010000000000                                                  00
00000012020000000001000000000003000010000000000                                                  00
00000012020000000017000000000000255010000000000                                                  00
00000012020000000038000000000000040010000000000                                                  00
00000012020000000103000000000000100010000000000                                                  00
00000012020000000039000000000000100010000000000                                                  00
00000012040000000001000000000003000010000000000                                                  00
00000012040000000017000000000000255010000000000                                                  00
00000012040000000038000000000000040010000000000                                                  00
00000012040000000103000000000000100010000000000                                                  00
00000012040000000039000000000000100010000000000                                                  00
00000012050000000001000000000003000010000000000                                                  00
00000012050000000017000000000000255010000000000                                                  00
00000012050000000038000000000000072010000000000                                                  00
00000012060000000001000000000003000010000000000                                                  00
00000012060000000017000000000000255010000000000                                                  00
00000012060000000038000000000000023010000000000                                                  00
00000012060000000103000000000000100010000000000                                                  00
00000012060000000039000000000000100010000000000                                                  00
00000012100000000001000000000003000010000000000                                                  00
00000012100000000017000000000000255010000000000                                                  00
0000001210000000003800000000000008010000000000                                                  00
00000012100000000103000000000000100010000000000                                                  00
00000012100000000039000000000000100010000000000                                                  00
00000012130000000001000000000003000010000000000                                                  00
00000012130000000017000000000000255010000000000                                                  00
00000012130000000038000000000000075010000000000                                                  00
00000012160000000001000000000003000010000000000                                                  00
00000012160000000017000000000000255010000000000                                                  00
00000012160000000038000000000000078010000000000                                                  00
00000012160000000103000000000000100010000000000                                                  00
00000012160000000039000000000000100010000000000                                                  00
00000012170000000001000000000003000010000000000                                                  00
00000012170000000017000000000000255010000000000                                                  00
00000012170000000038000000000000057010000000000                                                  00
00000012220000000001000000000003000010000000000                                                  00
00000012220000000017000000000000255010000000000                                                  00
00000012220000000038000000000000035010000000000                                                  00
00000012220000000103000000000000100010000000000                                                  00
00000012220000000039000000000000100010000000000                                                  00
00000012230000000001000000000003000010000000000                                                  00
00000012230000000017000000000000255010000000000                                                  00
00000012230000000038000000000000018010000000000                                                  00
00000012260000000001000000000003000010000000000                                                  00
00000012260000000017000000000000255010000000000                                                  00
00000012260000000038000000000000038010000000000                                                  00
00000012260000000103000000000000100010000000000                                                  00
00000012260000000039000000000000100010000000000                                                  00
00000012270000000001000000000003000010000000000                                                  00
00000012270000000017000000000000255010000000000                                                  00
0000001227000000003800000000000002010000000000                                                  00
00000012300000000001000000000003000010000000000                                                  00
00000012300000000017000000000000255010000000000                                                  00
00000012300000000038000000000000077010000000000                                                  00
00000012300000000103000000000000100010000000000                                                  00
00000012300000000039000000000000100010000000000                                                  00
00000012350000000001000000000003000010000000000                                                  00
00000012350000000017000000000000255010000000000                                                  00
00000012350000000038000000000000077010000000000                                                  00
00000012400000000001000000000003000010000000000                                                  00
00000012400000000017000000000000255010000000000                                                  00
00000012400000000038000000000000085010000000000                                                  00
00000012400000000103000000000000100010000000000                                                  00
00000012400000000039000000000000100010000000000                                                  00
00000012460000000001000000000003000010000000000                                                  00
00000012460000000017000000000000255010000000000                                                  00
00000012460000000038000000000000065010000000000                                                  00
00000012460000000103000000000000100010000000000                                                  00
00000012460000000039000000000000100010000000000                                                  00
00000012470000000001000000000003000010000000000                                                  00
00000012470000000017000000000000255010000000000                                                  00
00000012470000000038000000000000012010000000000                                                  00
00000012490000000001000000000003000010000000000                                                  00
00000012490000000017000000000000255010000000000                                                  00
0000001249000000003800000000000005010000000000                                                  00
00000012530000000001000000000003000010000000000                                                  00
00000012530000000017000000000000255010000000000                                                  00
00000012530000000038000000000000092010000000000                                                  00
00000012540000000001000000000003000010000000000                                                  00
00000012540000000017000000000000255010000000000                                                  00
00000012540000000038000000000000077010000000000                                                  00
00000012540000000103000000000000100010000000000                                                  00
00000012540000000039000000000000100010000000000                                                  00
00000012550000000001000000000003000010000000000                                                  00
00000012550000000017000000000000255010000000000                                                  00
0000001255000000003800000000000007010000000000                                                  00
00000012570000000001000000000003000010000000000                                                  00
00000012570000000017000000000000255010000000000                                                  00
00000012570000000038000000000000087010000000000                                                  00
00000012580000000001000000000003000010000000000                                                  00
00000012580000000017000000000000255010000000000                                                  00
00000012580000000038000000000000030010000000000                                                  00
00000012580000000103000000000000100010000000000                                                  00
00000012580000000039000000000000100010000000000                                                  00
00000012590000000001000000000003000010000000000                                                  00
00000012590000000017000000000000255010000000000                                                  00
00000012590000000038000000000000062010000000000                                                  00
00000012610000000001000000000003000010000000000                                                  00
00000012610000000017000000000000255010000000000                                                  00
00000012610000000038000000000000012010000000000                                                  00
00000012640000000001000000000003000010000000000                                                  00
00000012640000000017000000000000255010000000000                                                  00
0000001264000000003800000000000005010000000000                                                  00
00000012640000000103000000000000100010000000000                                                  00
00000012640000000039000000000000100010000000000                                                  00
00000012650000000001000000000003000010000000000                                                  00
00000012650000000017000000000000255010000000000                                                  00
00000012650000000038000000000000033010000000000                                                  00
00000012660000000001000000000003000010000000000                                                  00
00000012660000000017000000000000255010000000000                                                  00
00000012660000000038000000000000035010000000000                                                  00
00000012660000000103000000000000100010000000000                                                  00
00000012660000000039000000000000100010000000000                                                  00
00000012670000000001000000000003000010000000000                                                  00
00000012670000000017000000000000255010000000000                                                  00
00000012670000000038000000000000097010000000000                                                  00
00000012680000000001000000000003000010000000000                                                  00
00000012680000000017000000000000255010000000000                                                  00
00000012680000000038000000000000085010000000000                                                  00
00000012680000000103000000000000100010000000000                                                  00
00000012680000000039000000000000100010000000000                                                  00
00000012690000000001000000000003000010000000000                                                  00
00000012690000000017000000000000255010000000000                                                  00
00000012690000000038000000000000077010000000000                                                  00
00000012700000000001000000000003000010000000000                                                  00
00000012700000000017000000000000255010000000000                                                  00
00000012700000000038000000000000012010000000000                                                  00
00000012700000000103000000000000100010000000000                                                  00
00000012700000000039000000000000100010000000000                                                  00
00000012720000000001000000000003000010000000000                                                  00
00000012720000000017000000000000255010000000000                                                  00
00000012720000000038000000000000037010000000000                                                  00
00000012720000000103000000000000100010000000000                                                  00
00000012720000000039000000000000100010000000000                                                  00
00000012730000000001000000000003000010000000000                                                  00
00000012730000000017000000000000255010000000000                                                  00
00000012730000000038000000000000043010000000000                                                  00
00000012740000000001000000000003000010000000000                                                  00
00000012740000000017000000000000255010000000000                                                  00
0000001274000000003800000000000002010000000000                                                  00
00000012740000000103000000000000100010000000000                                                  00
00000012740000000039000000000000100010000000000                                                  00
00000012750000000001000000000003000010000000000                                                  00
00000012750000000017000000000000255010000000000                                                  00
00000012750000000038000000000000095010000000000                                                  00
00000012760000000001000000000003000010000000000                                                  00
00000012760000000017000000000000255010000000000                                                  00
00000012760000000038000000000000013010000000000                                                  00
00000012760000000103000000000000100010000000000                                                  00
00000012760000000039000000000000100010000000000                                                  00
00000012770000000001000000000003000010000000000                                                  00
00000012770000000017000000000000255010000000000                                                  00
00000012770000000038000000000000022010000000000                                                  00
00000012780000000001000000000003000010000000000                                                  00
00000012780000000017000000000000255010000000000                                                  00
00000012780000000038000000000000095010000000000                                                  00
00000012780000000103000000000000100010000000000                                                  00
00000012780000000039000000000000100010000000000                                                  00
00000012800000000001000000000003000010000000000                                                  00
00000012800000000017000000000000255010000000000                                                  00
00000012800000000038000000000000068010000000000                                                  00
00000012800000000103000000000000100010000000000                                                  00
00000012800000000039000000000000100010000000000                                                  00
00000012820000000001000000000003000010000000000                                                  00
00000012820000000017000000000000255010000000000                                                  00
00000012820000000038000000000000025010000000000                                                  00
00000012820000000103000000000000100010000000000                                                  00
00000012820000000039000000000000100010000000000                                                  00
00000012830000000001000000000003000010000000000                                                  00
00000012830000000017000000000000255010000000000                                                  00
00000012830000000038000000000000047010000000000                                                  00
00000012850000000001000000000003000010000000000                                                  00
00000012850000000017000000000000255010000000000                                                  00
00000012850000000038000000000000097010000000000                                                  00
00000012870000000001000000000003000010000000000                                                  00
00000012870000000017000000000000255010000000000                                                  00
00000012870000000038000000000000068010000000000                                                  00
00000012880000000001000000000003000010000000000                                                  00
00000012880000000017000000000000255010000000000                                                  00
00000012880000000038000000000000080010000000000                                                  00
00000012880000000103000000000000100010000000000                                                  00
00000012880000000039000000000000100010000000000                                                  00
00000012890000000001000000000003000010000000000                                                  00
00000012890000000017000000000000255010000000000                                                  00
00000012890000000038000000000000020010000000000                                                  00
00000012900000000001000000000003000010000000000                                                  00
00000012900000000017000000000000255010000000000                                                  00
00000012900000000038000000000000075010000000000                                                  00
00000012900000000103000000000000100010000000000                                                  00
00000012900000000039000000000000100010000000000                                                  00
00000012910000000001000000000003000010000000000                                                  00
00000012910000000017000000000000255010000000000                                                  00
00000012910000000038000000000000040010000000000                                                  00
00000012920000000001000000000003000010000000000                                                  00
00000012920000000017000000000000255010000000000                                                  00
00000012920000000038000000000000040010000000000                                                  00
00000012920000000103000000000000100010000000000                                                  00
00000012920000000039000000000000100010000000000                                                  00
00000012930000000001000000000003000010000000000                                                  00
00000012930000000017000000000000255010000000000                                                  00
00000012930000000038000000000000027010000000000                                                  00
00000012940000000001000000000003000010000000000                                                  00
00000012940000000017000000000000255010000000000                                                  00
00000012940000000038000000000000093010000000000                                                  00
00000012940000000103000000000000100010000000000                                                  00
00000012940000000039000000000000100010000000000                                                  00
00000012950000000001000000000003000010000000000                                                  00
00000012950000000017000000000000255010000000000                                                  00
00000012950000000038000000000000088010000000000                                                  00
00000012960000000001000000000003000010000000000                                                  00
00000012960000000017000000000000255010000000000                                                  00
0000001296000000003800000000000005010000000000                                                  00
00000012960000000103000000000000100010000000000                                                  00
00000012960000000039000000000000100010000000000                                                  00
00000012970000000001000000000003000010000000000                                                  00
00000012970000000017000000000000255010000000000                                                  00
00000012970000000038000000000000090010000000000                                                  00
00000012980000000001000000000003000010000000000                                                  00
00000012980000000017000000000000255010000000000                                                  00
00000012980000000038000000000000078010000000000                                                  00
00000012980000000103000000000000100010000000000                                                  00
00000012980000000039000000000000100010000000000                                                  00
00000012990000000001000000000003000010000000000                                                  00
00000012990000000017000000000000255010000000000                                                  00
00000012990000000038000000000000018010000000000                                                  00
00000013000000000001000000000003000010000000000                                                  00
00000013000000000017000000000000255010000000000                                                  00
00000013000000000038000000000000020010000000000                                                  00
00000013000000000103000000000000100010000000000                                                  00
00000013000000000039000000000000100010000000000                                                  00
00000013010000000001000000000003000010000000000                                                  00
00000013010000000017000000000000255010000000000                                                  00
0000001301000000003800000000000002010000000000                                                  00
00000013030000000001000000000003000010000000000                                                  00
00000013030000000017000000000000255010000000000                                                  00
00000013030000000038000000000000028010000000000                                                  00
00000013040000000001000000000003000010000000000                                                  00
00000013040000000017000000000000255010000000000                                                  00
00000013040000000038000000000000063010000000000                                                  00
00000013040000000103000000000000100010000000000                                                  00
00000013040000000039000000000000100010000000000                                                  00
00000013050000000001000000000003000010000000000                                                  00
00000013050000000017000000000000255010000000000                                                  00
00000013050000000038000000000000012010000000000                                                  00
00000013060000000001000000000003000010000000000                                                  00
00000013060000000017000000000000255010000000000                                                  00
00000013060000000038000000000000050010000000000                                                  00
00000013060000000103000000000000100010000000000                                                  00
00000013060000000039000000000000100010000000000                                                  00
00000013070000000001000000000003000010000000000                                                  00
00000013070000000017000000000000255010000000000                                                  00
00000013070000000038000000000000077010000000000                                                  00
00000013080000000001000000000003000010000000000                                                  00
00000013080000000017000000000000255010000000000                                                  00
00000013080000000038000000000000048010000000000                                                  00
00000013080000000103000000000000100010000000000                                                  00
00000013080000000039000000000000100010000000000                                                  00
00000013090000000001000000000003000010000000000                                                  00
00000013090000000017000000000000255010000000000                                                  00
0000001309000000003800000000000005010000000000                                                  00
00000013100000000001000000000003000010000000000                                                  00
00000013100000000017000000000000255010000000000                                                  00
00000013100000000038000000000000065010000000000                                                  00
00000013100000000103000000000000100010000000000                                                  00
00000013100000000039000000000000100010000000000                                                  00
00000013110000000001000000000003000010000000000                                                  00
00000013110000000017000000000000255010000000000                                                  00
00000013110000000038000000000000073010000000000                                                  00
00000013120000000001000000000003000010000000000                                                  00
00000013120000000017000000000000255010000000000                                                  00
00000013120000000038000000000000067010000000000                                                  00
00000013120000000103000000000000100010000000000                                                  00
00000013120000000039000000000000100010000000000                                                  00
00000013130000000001000000000003000010000000000                                                  00
00000013130000000017000000000000255010000000000                                                  00
00000013130000000038000000000000087010000000000                                                  00
00000013140000000001000000000003000010000000000                                                  00
00000013140000000017000000000000255010000000000                                                  00
00000013140000000038000000000000023010000000000                                                  00
00000013140000000103000000000000100010000000000                                                  00
00000013140000000039000000000000100010000000000                                                  00
00000013150000000001000000000003000010000000000                                                  00
00000013150000000017000000000000255010000000000                                                  00
00000013150000000038000000000000015010000000000                                                  00
